
#
#Feature symbol names
#
$0 r10
$1 r3.937
$2 r7.874
$3 r19.685

#
#Layer features
#
A 3.0216535000 3.8288976 3.0316535 3.8188976 3.0316535000 3.8288976 0 P 24 N
A 3.0316535 3.9173228 3.0216535000 3.9073228000 3.0316535 3.9073228000 0 P 24 N
A 3.2085039000 3.8188976 3.2185039000 3.8288976 3.2085039000 3.8288976 0 P 24 N
A 3.2185039000 3.9073228000 3.2085039000 3.9173228 3.2085039000 3.9073228000 0 P 24 N
A 3.5639764 3.53937 3.5639764 3.543307 3.5639764 3.541338500 1 P 25 N
A 3.5679134 3.541338500 3.5600394 3.541338500 3.5639764 3.541338500 2 P 26 N
L 3.5600394 3.541338500 3.5600394 3.541338500 2 P 26
A 3.5600394 3.541338500 3.5679134 3.541338500 3.5639764 3.541338500 2 P 26 N
A 4.8960236 3.2677165000 4.8802756 3.2677165000 4.8881496000 3.2677165000 3 P 27 N
L 4.8802756 3.2677165000 4.8802756 3.2677165000 3 P 27
A 4.8802756 3.2677165000 4.8960236 3.2677165000 4.8881496000 3.2677165000 3 P 27 N
A 4.8960236 3.7795276 4.8802756 3.7795276 4.8881496000 3.7795276 3 P 27 N
L 4.8802756 3.7795276 4.8802756 3.7795276 3 P 27
A 4.8802756 3.7795276 4.8960236 3.7795276 4.8881496000 3.7795276 3 P 27 N
L 3.0216535000 3.8288976 3.0216535000 3.9073228000 0 P 24
L 3.0316535 3.8188976 3.2085039000 3.8188976 0 P 24
L 3.0316535 3.9173228 3.2085039000 3.9173228 0 P 24
L 3.0413386 3.3366142000 3.0807087000 3.3366142000 0 P 24
L 3.0413386 3.3366142000 3.1200787 3.3366142000 0 P 24
L 3.0414961 3.838740200 3.0414961 3.8987208000 0 P 24
L 3.0414961 3.8987208000 3.0714864 3.8987208000 0 P 24
L 3.0610236 3.3169291 3.1003937 3.3169291 0 P 24
L 3.0708661 3.2972441 3.0905512 3.2972441 0 P 24
L 3.0714864 3.8587337 3.0414961 3.8587337 0 P 24
L 3.0714864 3.8987208000 3.0814832 3.888724 0 P 24
L 3.0807087000 3.3366142000 3.0807087000 3.3858268000 0 P 24
L 3.0807087000 3.7795276 3.0807087000 3.8188976 0 P 24
L 3.0814832 3.8687305 3.0714864 3.8587337 0 P 24
L 3.0814832 3.888724 3.0814832 3.8687305 0 P 24
L 3.1014767000 3.838740200 3.1214702000 3.8587337 0 P 24
L 3.1014767000 3.8987208000 3.1014767000 3.838740200 0 P 24
L 3.1214702000 3.8587337 3.1414638 3.838740200 0 P 24
L 3.1299213 3.631889800 3.1771654000 3.631889800 0 P 24
L 3.1414638 3.838740200 3.1414638 3.8987208000 0 P 24
L 3.1588319000 3.3067782 3.1688287000 3.2967814 0 P 24
L 3.1588319000 3.3467652000 3.1588319000 3.3067782 0 P 24
L 3.1596063 3.6625003000 3.1995934 3.6025197 0 P 24
L 3.1614573 3.838740200 3.1614573 3.8987208000 0 P 24
L 3.1614573 3.8987208000 3.1814508 3.8787273 0 P 24
L 3.1688287000 3.2967814 3.1888222000 3.2967814 0 P 24
L 3.1688287000 3.356762 3.1588319000 3.3467652000 0 P 24
L 3.1814508 3.8787273 3.2014444000 3.8987208000 0 P 24
L 3.1888222000 3.2967814 3.198819 3.3067782 0 P 24
L 3.1888222000 3.356762 3.1688287000 3.356762 0 P 24
L 3.198819 3.3467652000 3.1888222000 3.356762 0 P 24
L 3.1995934 3.6625003000 3.1596063 3.6025197 0 P 24
L 3.2014444000 3.8987208000 3.2014444000 3.838740200 0 P 24
L 3.2185039000 3.8288976 3.2185039000 3.9073228000 0 P 24
L 3.2188125 3.2967814 3.238806 3.2967814 0 P 24
L 3.2288093 3.2967814 3.2288093 3.356762 0 P 24
L 3.2288093 3.356762 3.2188125 3.3467652000 0 P 24
L 3.238806 3.2967814 3.2288093 3.2967814 0 P 24
L 3.2488682 3.504921200 3.2488682 3.564960500 2 P 26
L 3.2549706000 3.578740100 3.2549706000 3.704724300 2 P 26
L 3.2549706000 3.578740100 3.447884000 3.578740100 2 P 26
L 3.2549706000 3.704724300 3.447884000 3.704724300 2 P 26
L 3.2572572000 3.8284316 3.2672540000 3.8184348 0 P 24
L 3.2572572000 3.878415400 3.2572572000 3.8284316 0 P 24
L 3.2670997000 3.2967815 3.2670997000 3.3567621 0 P 24
L 3.2670997000 3.3567621 3.29709 3.3567621 0 P 24
L 3.2672540000 3.8184348 3.2872475 3.8184348 0 P 24
L 3.2870932 3.316775 3.3070868 3.2967815 0 P 24
L 3.2872475 3.8184348 3.2972443 3.8284316 0 P 24
L 3.29709 3.316775 3.2670997000 3.316775 0 P 24
L 3.29709 3.3567621 3.3070868 3.3467653 0 P 24
L 3.2972443 3.8284316 3.2972443 3.878415400 0 P 24
L 3.3070868 3.3267718 3.29709 3.316775 0 P 24
L 3.3070868 3.3467653 3.3070868 3.3267718 0 P 24
L 3.3172378 3.8184348 3.3372313 3.8184348 0 P 24
L 3.3270803 3.2967815 3.3470738 3.2967815 0 P 24
L 3.3272346 3.8184348 3.3272346 3.878415400 0 P 24
L 3.3272346 3.878415400 3.3172378 3.8684186000 0 P 24
L 3.3370771 3.2967815 3.3370771 3.3567621 0 P 24
L 3.3370771 3.3567621 3.3270803 3.3467653 0 P 24
L 3.3372313 3.8184348 3.3272346 3.8184348 0 P 24
L 3.3470738 3.2967815 3.3370771 3.2967815 0 P 24
L 3.3752131 3.3067782 3.3852099 3.2967814 0 P 24
L 3.3752131 3.3467652000 3.3752131 3.3067782 0 P 24
L 3.3852099 3.2967814 3.4052034 3.2967814 0 P 24
L 3.3852099 3.356762 3.3752131 3.3467652000 0 P 24
L 3.4052034 3.2967814 3.4152002000 3.3067782 0 P 24
L 3.4052034 3.356762 3.3852099 3.356762 0 P 24
L 3.4152002000 3.3467652000 3.4052034 3.356762 0 P 24
L 3.4351937 3.2967814 3.4751808 3.3367685 0 P 24
L 3.4451905 3.356762 3.4351937 3.3467652000 0 P 24
L 3.447884000 3.578740100 3.447884000 3.704724300 2 P 26
L 3.4637957 3.7790648000 3.4637957 3.8390454 0 P 24
L 3.4637957 3.8390454 3.4937860000 3.8390454 0 P 24
L 3.465184 3.356762 3.4451905 3.356762 0 P 24
L 3.4751808 3.2967814 3.4351937 3.2967814 0 P 24
L 3.4751808 3.3367685 3.4751808 3.3467652000 0 P 24
L 3.4751808 3.3467652000 3.465184 3.356762 0 P 24
L 3.4775752 3.3755215000 3.4775752 3.4355021 0 P 24
L 3.4775752 3.4355021 3.5075655 3.4355021 0 P 24
L 3.4837892 3.7990583 3.5037828000 3.7790648000 0 P 24
L 3.4937860000 3.7990583 3.4637957 3.7990583 0 P 24
L 3.4937860000 3.8390454 3.5037828000 3.829048600 0 P 24
L 3.4975687 3.395515 3.5175623 3.3755215000 0 P 24
L 3.5037828000 3.8090551 3.4937860000 3.7990583 0 P 24
L 3.5037828000 3.829048600 3.5037828000 3.8090551 0 P 24
L 3.5075655 3.395515 3.4775752 3.395515 0 P 24
L 3.5075655 3.4355021 3.5175623 3.4255053000 0 P 24
L 3.5175623 3.4055118000 3.5075655 3.395515 0 P 24
L 3.5175623 3.4255053000 3.5175623 3.4055118000 0 P 24
L 3.5237763 3.829048600 3.5337731000 3.8390454 0 P 24
L 3.5337731000 3.7790648000 3.5237763 3.7890616 0 P 24
L 3.5337731000 3.8390454 3.5537666 3.8390454 0 P 24
L 3.5375558 3.3755215000 3.5775429 3.4155086 0 P 24
L 3.5437698 3.8090551 3.5537666 3.8090551 0 P 24
L 3.5475526000 3.4355021 3.5375558 3.4255053000 0 P 24
L 3.5537666 3.7790648000 3.5337731000 3.7790648000 0 P 24
L 3.5537666 3.8090551 3.5437698 3.8090551 0 P 24
L 3.5537666 3.8090551 3.5637634 3.7990583 0 P 24
L 3.5537666 3.8390454 3.5637634 3.829048600 0 P 24
L 3.5637634 3.7890616 3.5537666 3.7790648000 0 P 24
L 3.5637634 3.7990583 3.5637634 3.7890616 0 P 24
L 3.5637634 3.8190519 3.5537666 3.8090551 0 P 24
L 3.5637634 3.829048600 3.5637634 3.8190519 0 P 24
L 3.5675461000 3.4355021 3.5475526000 3.4355021 0 P 24
L 3.5775429 3.3755215000 3.5375558 3.3755215000 0 P 24
L 3.5775429 3.4155086 3.5775429 3.4255053000 0 P 24
L 3.5775429 3.4255053000 3.5675461000 3.4355021 0 P 24
L 3.5919028000 3.720164 3.6018996 3.7101672 0 P 24
L 3.5919028000 3.760151 3.5919028000 3.720164 0 P 24
L 3.6018996 3.7101672 3.6218931 3.7101672 0 P 24
L 3.6018996 3.7701478 3.5919028000 3.760151 0 P 24
L 3.611896300 3.7301607 3.6318899 3.7101672 0 P 24
L 3.6218931 3.7101672 3.6318899 3.720164 0 P 24
L 3.6218931 3.7701478 3.6018996 3.7701478 0 P 24
L 3.6318899 3.720164 3.6318899 3.760151 0 P 24
L 3.6318899 3.760151 3.6218931 3.7701478 0 P 24
L 3.6456693 3.1456694 3.6456693 3.1850395000 2 P 26
L 3.6456693 3.1456694 3.6968504 3.0944883 2 P 26
L 3.6456693 3.2716536 3.6456693 3.3110237 2 P 26
L 3.6456693 3.3110237 3.6968504 3.3622048000 2 P 26
L 3.6518834000 3.7101672 3.6718769 3.7101672 0 P 24
L 3.661880200 3.7101672 3.661880200 3.7701478 0 P 24
L 3.661880200 3.7701478 3.6518834000 3.760151 0 P 24
L 3.6718769 3.7101672 3.661880200 3.7101672 0 P 24
L 3.6968504 3.0944883 3.913385900 3.0944883 2 P 26
L 3.6968504 3.3622048000 3.913385900 3.3622048000 2 P 26
L 3.7492286000 4.0251278 3.7492286000 4.0851084 0 P 24
L 3.7492286000 4.0851084 3.7792189 4.0851084 0 P 24
L 3.7692221 4.0451213 3.7892157 4.0251278 0 P 24
L 3.7692223 3.7001703 3.7792191 3.6901735 0 P 24
L 3.7692223 3.7201638 3.7692223 3.7001703 0 P 24
L 3.7692223 3.7901412 3.8292029 3.7901412 0 P 24
L 3.7692224 3.5426899 3.7692224 3.5626834 0 P 24
L 3.7692224 3.5626834 3.7792192000 3.5726802 0 P 24
L 3.7692224 3.6326608 3.829203000 3.6326608 0 P 24
L 3.7783466 3.4063472 3.7783466 3.4263407 0 P 24
L 3.7783466 3.4263407 3.7883434000 3.4363375 0 P 24
L 3.7783466 3.4663278 3.7883434000 3.456331 0 P 24
L 3.7783466 3.486321300 3.7783466 3.4663278 0 P 24
L 3.7792189 4.0451213 3.7492286000 4.0451213 0 P 24
L 3.7792189 4.0851084 3.7892157 4.0751116 0 P 24
L 3.7792191 3.6901735 3.7892158 3.6901735 0 P 24
L 3.7792191 3.7301606000 3.7692223 3.7201638 0 P 24
L 3.7792192000 3.5326931000 3.7692224 3.5426899 0 P 24
L 3.7883434000 3.3963504 3.7783466 3.4063472 0 P 24
L 3.7883434000 3.4963181000 3.7783466 3.486321300 0 P 24
L 3.7892157 4.0551181 3.7792189 4.0451213 0 P 24
L 3.7892157 4.0751116 3.7892157 4.0551181 0 P 24
L 3.7892158 3.6901735 3.7992126 3.7001703 0 P 24
L 3.7892158 3.7601509 3.7892158 3.7901412 0 P 24
L 3.7892158 3.7701477000 3.7692223 3.7501541 0 P 24
L 3.7892159 3.6026705 3.7892159 3.6326608 0 P 24
L 3.7892159 3.6126673000 3.7692224 3.5926737 0 P 24
L 3.7983401000 3.3963504 3.7883434000 3.3963504 0 P 24
L 3.7992126 3.7001703 3.7992126 3.7301606000 0 P 24
L 3.7992126 3.7301606000 3.7792191 3.7301606000 0 P 24
L 3.7992126 3.7501541 3.7892158 3.7601509 0 P 24
L 3.7992127000 3.5326931000 3.7792192000 3.5326931000 0 P 24
L 3.7992127000 3.5726802 3.8092095 3.5526867 0 P 24
L 3.7992127000 3.5926737 3.7892159 3.6026705 0 P 24
L 3.8083369000 3.4063472 3.7983401000 3.3963504 0 P 24
L 3.8083369000 3.4063472 3.8083369000 3.4163440000 0 P 24
L 3.8083369000 3.4163440000 3.8083369000 3.4063472 0 P 24
L 3.809209200 4.0551181 3.8491963 4.0551181 0 P 24
L 3.8092095 3.5426899 3.7992127000 3.5326931000 0 P 24
L 3.8092095 3.5526867 3.8092095 3.5426899 0 P 24
L 3.818333700 3.3963504 3.8083369000 3.4063472 0 P 24
L 3.8192061000 3.7101671000 3.7992126 3.7301606000 0 P 24
L 3.8192061000 3.7501541 3.7992126 3.7501541 0 P 24
L 3.8192062 3.5926737 3.7992127000 3.5926737 0 P 24
L 3.8283304 3.3963504 3.818333700 3.3963504 0 P 24
L 3.8283304 3.4363375 3.838327200 3.4263407 0 P 24
L 3.8283304 3.456331 3.838327200 3.4663278 0 P 24
L 3.8283304 3.4963181000 3.7883434000 3.4963181000 0 P 24
L 3.8292029 3.6901735 3.8192061000 3.7101671000 0 P 24
L 3.8292029 3.7601509 3.8192061000 3.7501541 0 P 24
L 3.8292029 3.7901412 3.8292029 3.7601509 0 P 24
L 3.829203000 3.5326931000 3.829203000 3.5726802 0 P 24
L 3.829203000 3.5726802 3.7992127000 3.5726802 0 P 24
L 3.829203000 3.6026705 3.8192062 3.5926737 0 P 24
L 3.829203000 3.6326608 3.829203000 3.6026705 0 P 24
L 3.838327200 3.4063472 3.8283304 3.3963504 0 P 24
L 3.838327200 3.4263407 3.838327200 3.4063472 0 P 24
L 3.838327200 3.4663278 3.838327200 3.486321300 0 P 24
L 3.838327200 3.486321300 3.8283304 3.4963181000 0 P 24
L 3.8391995 4.0251278 3.8391995 4.0851084 0 P 24
L 3.8391995 4.0851084 3.809209200 4.0551181 0 P 24
L 3.8673391 3.769222200 3.8673391 3.8292028 0 P 24
L 3.8673391 3.8292028 3.8973294 3.8292028 0 P 24
L 3.8873326 3.7892157 3.9073262 3.769222200 0 P 24
L 3.8973294 3.7892157 3.8673391 3.7892157 0 P 24
L 3.8973294 3.8292028 3.9073262 3.819206 0 P 24
L 3.9073262 3.7992125 3.8973294 3.7892157 0 P 24
L 3.9073262 3.819206 3.9073262 3.7992125 0 P 24
L 3.913385900 3.0944883 3.913385900 3.1850395000 2 P 26
L 3.913385900 3.2716536 3.913385900 3.3622048000 2 P 26
L 3.9273197000 3.7792190000 3.9273197000 3.769222200 0 P 24
L 3.9273197000 3.8292028 3.9673068 3.8292028 0 P 24
L 3.9673068 3.819206 3.9273197000 3.7792190000 0 P 24
L 3.9673068 3.8292028 3.9673068 3.819206 0 P 24
L 3.9857578000 3.0899341000 3.9857578000 3.1099276000 0 P 24
L 3.9857578000 3.1099276000 3.995754600 3.1199244 0 P 24
L 3.9857578000 3.1499147000 3.995754600 3.1399179 0 P 24
L 3.9857578000 3.1699082 3.9857578000 3.1499147000 0 P 24
L 3.995754600 3.0799373000 3.9857578000 3.0899341000 0 P 24
L 3.995754600 3.179905 3.9857578000 3.1699082 0 P 24
L 4.015748100 3.0799373000 3.995754600 3.0799373000 0 P 24
L 4.015748100 3.1199244 4.0257449 3.0999309 0 P 24
L 4.0257449 3.0899341000 4.015748100 3.0799373000 0 P 24
L 4.0257449 3.0999309 4.0257449 3.0899341000 0 P 24
L 4.0357416 3.1399179 4.0457384000 3.1499147000 0 P 24
L 4.0357416 3.179905 3.995754600 3.179905 0 P 24
L 4.0457384000 3.0799373000 4.0457384000 3.1199244 0 P 24
L 4.0457384000 3.1199244 4.015748100 3.1199244 0 P 24
L 4.0457384000 3.1499147000 4.0457384000 3.1699082 0 P 24
L 4.0457384000 3.1699082 4.0357416 3.179905 0 P 24
L 4.0545012 3.8085924 4.0944883 3.8085924 0 P 24
L 4.0545012 3.868573 4.0545012 3.8085924 0 P 24
L 4.0846457000 3.2578740000 4.0846457000 3.3858268000 1 P 25
L 4.0846457000 3.2578740000 4.5767717000 3.2578740000 1 P 25
L 4.0846457000 3.6220472 4.0846457000 3.75 1 P 25
L 4.0846457000 3.75 4.5767717000 3.75 1 P 25
L 4.1144818000 3.8085924 4.1344753 3.8085924 0 P 24
L 4.1244786 3.8085924 4.1244786 3.868573 0 P 24
L 4.1244786 3.868573 4.1144818000 3.8585762 0 P 24
L 4.1344753 3.8085924 4.1244786 3.8085924 0 P 24
L 4.1432382 4.024973500 4.2032188 4.024973500 0 P 24
L 4.1432382 4.0849541 4.1532350000 4.0749573 0 P 24
L 4.1432382 4.1049476 4.1432382 4.0849541 0 P 24
L 4.1532350000 4.114944400 4.1432382 4.1049476 0 P 24
L 4.1732285000 4.0549638 4.1732285000 4.0149767 0 P 24
L 4.1932220000 4.0749573 4.2032188 4.0849541 0 P 24
L 4.1932220000 4.114944400 4.1532350000 4.114944400 0 P 24
L 4.2032188 4.024973500 4.1732285000 4.0549638 0 P 24
L 4.2032188 4.0849541 4.2032188 4.1049476 0 P 24
L 4.2032188 4.1049476 4.1932220000 4.114944400 0 P 24
L 4.2755905 3.8425197 4.2755905 3.933070900 2 P 26
L 4.2755905 3.8425197 4.492126 3.8425197 2 P 26
L 4.2755905 4.019685 4.2755905 4.1102362 2 P 26
L 4.2755905 4.1102362 4.492126 4.1102362 2 P 26
L 4.492126 3.8425197 4.5433071 3.8937008 2 P 26
L 4.492126 4.1102362 4.5433071 4.0590551000 2 P 26
L 4.5433071 3.8937008 4.5433071 3.933070900 2 P 26
L 4.5433071 4.019685 4.5433071 4.0590551000 2 P 26
L 4.5767717000 3.2578740000 4.5767717000 3.3858268000 1 P 25
L 4.5767717000 3.6220472 4.5767717000 3.75 1 P 25
L 4.6417323000 3.1494488000 4.6417323000 3.5628346 1 P 25
L 4.6417323000 3.1494488000 4.9409449 3.1494488000 1 P 25
L 4.6417323000 3.5628346 4.9409449 3.5628346 1 P 25
L 4.6417323000 3.6612599 4.6417323000 4.0746457000 1 P 25
L 4.6417323000 3.6612599 4.9409449 3.6612599 1 P 25
L 4.6417323000 4.0746457000 4.9409449 4.0746457000 1 P 25
L 4.8715845 3.956075900 4.8715845 3.9760694 0 P 24
L 4.8715845 3.9760694 4.88158130 3.9860662 0 P 24
L 4.8715845 4.0260533 4.8715845 4.03605 0 P 24
L 4.8715845 4.03605 4.88158130 4.0460468 0 P 24
L 4.8715846000 3.4342679 4.8715846000 3.474255 0 P 24
L 4.8715846000 3.474255 4.9115717 3.4342679 0 P 24
L 4.8715846000 3.514242100 4.8715846000 3.5242388000 0 P 24
L 4.8715846000 3.5242388000 4.8815814 3.534235600 0 P 24
L 4.88158130 3.9460791 4.8715845 3.956075900 0 P 24
L 4.88158130 4.0160565000 4.8715845 4.0260533 0 P 24
L 4.8815814 3.5042453000 4.8715846000 3.514242100 0 P 24
L 4.891578 3.9460791 4.88158130 3.9460791 0 P 24
L 4.90157480 3.956075900 4.891578 3.9460791 0 P 24
L 4.90157480 3.956075900 4.90157480 3.9660727 0 P 24
L 4.90157480 3.9660727 4.90157480 3.956075900 0 P 24
L 4.9115716000 3.9460791 4.90157480 3.956075900 0 P 24
L 4.9115717 3.4342679 4.9215684 3.4342679 0 P 24
L 4.92156830 3.9460791 4.9115716000 3.9460791 0 P 24
L 4.92156830 3.9860662 4.9315651 3.9760694 0 P 24
L 4.9215684 3.4342679 4.93156520 3.4442647 0 P 24
L 4.9315651 3.956075900 4.92156830 3.9460791 0 P 24
L 4.9315651 3.9760694 4.9315651 3.956075900 0 P 24
L 4.9315651 4.0060597 4.9315651 4.0260533 0 P 24
L 4.9315651 4.0160565000 4.88158130 4.0160565000 0 P 24
L 4.9315651 4.0260533 4.9315651 4.0160565000 0 P 24
L 4.93156520 3.4442647 4.93156520 3.4642582 0 P 24
L 4.93156520 3.4642582 4.9215684 3.474255 0 P 24
L 4.93156520 3.4942485 4.93156520 3.514242100 0 P 24
L 4.93156520 3.5042453000 4.8815814 3.5042453000 0 P 24
L 4.93156520 3.514242100 4.93156520 3.5042453000 0 P 24
L 4.9409449 3.1494488000 4.9409449 3.5628346 1 P 25
L 4.9409449 3.6612599 4.9409449 4.0746457000 1 P 25
