
#
#Feature symbol names
#
$0 r10

#
#Layer features
#
L 4.6642714 3.3652131000 4.724252 3.325226 0 P 24
L 4.6642714 3.3952034000 4.6642714 3.4052001000 0 P 24
L 4.6642714 3.4052001000 4.724252 3.4052001000 0 P 24
L 4.6642714 3.4151969 4.6642714 3.3952034000 0 P 24
L 4.6642714 3.8064297 4.6642714 3.8264233 0 P 24
L 4.6642714 3.8264233 4.724252 3.8264233 0 P 24
L 4.6642714 3.8464168 4.6642714 3.8064297 0 P 24
L 4.6642714 3.9063974 4.7142552 3.9063974 0 P 24
L 4.6642714 3.9363877000 4.6642714 3.9563812000 0 P 24
L 4.6642714 3.9563812000 4.6742682 3.966378000 0 P 24
L 4.6742682 3.9263909 4.6642714 3.9363877000 0 P 24
L 4.6742682 3.966378000 4.7142552 3.966378000 0 P 24
L 4.7142552 3.8664103 4.6642714 3.8664103 0 P 24
L 4.7142552 3.9063974 4.724252 3.8964006 0 P 24
L 4.7142552 3.9263909 4.6742682 3.9263909 0 P 24
L 4.7142552 3.966378000 4.724252 3.9563812000 0 P 24
L 4.724252 3.325226 4.6642714 3.325226 0 P 24
L 4.724252 3.3652131000 4.6642714 3.3652131000 0 P 24
L 4.724252 3.4052001000 4.724252 3.4151969 0 P 24
L 4.724252 3.4151969 4.724252 3.3952034000 0 P 24
L 4.724252 3.8764071 4.7142552 3.8664103 0 P 24
L 4.724252 3.8964006 4.724252 3.8764071 0 P 24
L 4.724252 3.9363877000 4.7142552 3.9263909 0 P 24
L 4.724252 3.9563812000 4.724252 3.9363877000 0 P 24
L 4.7637796000 3.5728346 4.8425197000 3.5728346 0 P 24
L 4.7637796000 4.0846457000 4.8425197000 4.0846457000 0 P 24
L 4.7834646000 3.5925197 4.8228347 3.5925197 0 P 24
L 4.7834646000 4.1043308000 4.8228347 4.1043308000 0 P 24
L 4.7933071 3.6122047 4.8129922 3.6122047 0 P 24
L 4.7933071 4.1240158 4.8129922 4.1240158 0 P 24
L 4.8031496000 3.523622 4.8031496000 3.5728346 0 P 24
L 4.8031496000 4.0354331 4.8031496000 4.0846457000 0 P 24
L 4.8712727 3.2672505 4.9112597 3.2672505 0 P 24
L 4.8712728 3.7790616 4.9112598 3.7790616 0 P 24
L 4.8912662 3.287244 4.8912662 3.2472569 0 P 24
L 4.8912663 3.7990551 4.8912663 3.759068 0 P 24
L 4.8915747 3.4840944000 4.8915747 3.444107300 0 P 24
L 4.8915747 3.9959054 4.8915747 3.9559183 0 P 24
